15
GCA_000024945.1 0.00000000 0.04434430 0.46002926 0.19498234 0.00000453 0.19581668 0.18818570 0.04307746 0.46240792 0.04731383 0.05137030 0.00000015 0.45394304 0.19303060 0.04118322 
GCA_002005185.1 0.04434430 0.00000000 0.45874689 0.19415485 0.04433825 0.19266108 0.18812435 0.03216359 0.46037088 0.03806635 0.04397956 0.04434430 0.45390574 0.18890073 0.03416482 
GCA_002082765.1 0.46002926 0.45874689 0.00000000 0.40946840 0.46001183 0.41563162 0.44127487 0.45930986 0.03559444 0.45765301 0.45502397 0.46002926 0.62702347 0.41326786 0.46005724 
GCA_013393365.1 0.19498234 0.19415485 0.40946840 0.00000000 0.19497190 0.04176546 0.13818504 0.19646397 0.40894382 0.18946530 0.18781894 0.19498234 0.46676178 0.07500753 0.19687720 
GCA_016127175.1 0.00000453 0.04433825 0.46001183 0.19497190 0.00000000 0.19580621 0.18817546 0.04307145 0.46239035 0.04730768 0.05136401 0.00000453 0.45392638 0.19302021 0.04117727 
GCA_018406505.1 0.19581668 0.19266108 0.41563162 0.04176546 0.19580621 0.00000000 0.14053767 0.19697653 0.41653342 0.19015647 0.18834362 0.19581668 0.46634929 0.07663963 0.19513683 
GCA_028743475.1 0.18818570 0.18812435 0.44127487 0.13818504 0.18817546 0.14053767 0.00000000 0.19109849 0.44131256 0.18865572 0.18245461 0.18818570 0.46936025 0.14925069 0.19030882 
GCA_031190775.1 0.04307746 0.03216359 0.45930986 0.19646397 0.04307145 0.19697653 0.19109849 0.00000000 0.46180102 0.03112466 0.03938940 0.04307746 0.45191394 0.19375062 0.03273466 
GCA_032695835.1 0.46240792 0.46037088 0.03559444 0.40894382 0.46239035 0.41653342 0.44131256 0.46180102 0.00000000 0.46030125 0.45812389 0.46240792 0.62929031 0.41434317 0.46229013 
GCA_036456085.1 0.04731383 0.03806635 0.45765301 0.18946530 0.04730768 0.19015647 0.18865572 0.03112466 0.46030125 0.00000000 0.04076158 0.04731383 0.45318459 0.18952584 0.03550885 
GCA_042850485.1 0.05137030 0.04397956 0.45502397 0.18781894 0.05136401 0.18834362 0.18245461 0.03938940 0.45812389 0.04076158 0.00000000 0.05137030 0.45375040 0.18751162 0.04370393 
GCA_900186885.1 0.00000015 0.04434430 0.46002926 0.19498234 0.00000453 0.19581668 0.18818570 0.04307746 0.46240792 0.04731383 0.05137030 0.00000000 0.45394304 0.19303060 0.04118322 
GCA_900187285.1 0.45394304 0.45390574 0.62702347 0.46676178 0.45392638 0.46634929 0.46936025 0.45191394 0.62929031 0.45318459 0.45375040 0.45394304 0.00000000 0.46408884 0.45560769 
GCA_900637515.1 0.19303060 0.18890073 0.41326786 0.07500753 0.19302021 0.07663963 0.14925069 0.19375062 0.41434317 0.18952584 0.18751162 0.19303060 0.46408884 0.00000000 0.19154309 
GCA_902810435.1 0.04118322 0.03416482 0.46005724 0.19687720 0.04117727 0.19513683 0.19030882 0.03273466 0.46229013 0.03550885 0.04370393 0.04118322 0.45560769 0.19154309 0.00000000 
